32.09508990425581
25.806516001689403
22.305079112760904
20.791657184222274
19.663322983506244
18.45746009503253
17.714227484246347
17.377041340141854
17.107965430998085
16.530421714732697
16.253548683650738
15.649838931772914
15.379540058676998
15.123347885360577
14.941259926942685
14.662672768007923
14.566451698792509
14.3480929597651
14.211922910452433
14.03968045445729
13.907207397351549
13.737033579354327
13.430898844637708
13.36207142096198
13.224825599921411
13.124099978249554
13.093184447508126
12.959360594079135
12.573165232467135
12.347623237937215
12.152614364022407
12.078584363997692
11.777704477366271
11.65881724343866
11.53940182525881
11.411638759736725
11.327629642839774
11.292322138076514
11.220270865920046
11.122571482777307
11.099791875422897
11.00839493817939
10.893561274551708
10.878112933180857
10.76320747705744
10.649749813293518
10.625788428180062
10.523663891892095
10.403466018798511
10.336430284135865
10.232091694871617
10.199778395978745
10.106583778898617
10.039159916927016
9.967392084492584
9.90949807164759
9.900799355107644
9.845725243917029
9.791314599993878
9.73447144522124
9.608446302876752
9.571411395740133
9.50990813157034
9.48434327797566
9.456311546252374
9.404645350398129
9.393143744791367
9.343350103221763
9.328763700507096
9.288122369478005
9.279850093286797
9.248757596481102
9.193090898155276
9.133195534556824
9.112201328882168
9.082179751678273
9.002737217980117
8.966958405319557
8.956579425701532
8.944257181030583
8.90728313863805
8.836868712546742
8.796013545100418
8.789841428155706
8.747564585040001
8.696455726628459
8.68962626788017
8.652267394932707
8.648367688870572
8.608850518186692
8.591821536433544
8.567964331893318
8.537740206026482
8.485840428375843
8.468549206727163
8.433293068262952
8.430045711285615
8.39865714847821
8.38060526119212
8.35377853918119
8.279167568920936
8.258409199223914
8.253908973618096
8.230530456091364
8.187762798581838
8.17916107429204
8.159215623868754
8.140852623688765
8.125867142982264
8.118341248031058
8.104235460530182
8.089028341965294
8.061804750595861
8.026295281985886
8.00559401082834
7.996543436697208
7.989168095407974
7.97550166697274
7.954681152291251
7.9337597893200735
7.923560414253518
7.91395376482229
7.881573397669741
7.864775714752177
7.848701611192532
7.837543837691227
7.812551791815602
7.801175807008646
7.776268142078098
7.774616591962473
7.738595737020717
7.733396033720548
7.721600096735664
7.693388239062056
7.675569406813064
7.670223381631656
7.654995732555037
7.650025626080639
7.6188595121956775
7.609363270205129
7.591327431539607
7.561083644646446
7.5536569778667815
7.535442146408189
7.51238648894282
7.500990938986675
7.491932655090622
7.479020641317479
7.460815339995853
7.455095502624233
7.433705708457763
7.413198654886814
7.393591591337137
7.373954342098291
7.3680731866211735
7.352160937808637
7.342217062003934
7.329895939991113
7.318784620426287
7.310376728301316
7.289941775947681
7.284421565176017
7.271461711251371
7.265297064521935
7.229907976491838
7.216010834489381
7.205622878694322
7.189256160710124
7.172154815258118
7.164759420263488
7.160832639189672
7.117919291355308
7.115516006172849
7.090139851738865
7.086840112043588
7.0759550943782
7.045291906381373
7.038781308433738
7.0177491067509115
7.005853042202209
6.991599526292463
6.984466601442965
6.970025675954081
6.964639098487107
6.95197112137325
6.939187248209859
6.893599576950334
6.888728484802205
6.879256479808369
6.863764762660022
6.861959208425194
6.832125221179282
6.817578989442976
6.81103376383724
6.79867156144697
6.785270467003042
6.773192542399989
6.766147888488768
6.747335705717176
6.730716068654996
6.7180049585784785
6.70223393309405
6.696769358350104
6.692546547270248
6.684886873763076
6.678971521888147
6.647631261074441
6.631960436720999
6.621490975501283
6.609959481764657
6.601200036640662
6.588223840365296
6.574282196836324
6.5628673302049565
6.545846705888058
6.530176900547005
6.5236150527990056
6.511957794906014
6.498638367666816
6.493869863696257
6.487650188090862
6.470405678884116
6.464241873812399
6.454954630436847
6.452949389486305
6.445118576865795
6.427784333595219
6.402638312216935
6.394989349308068
6.382451435541478
6.370621250967385
6.368429032949423
6.360973812081452
6.35068013427791
6.337979539758473
6.3322405439721745
6.323818974898506
6.3143798588277
6.302962911392273
6.2861797545564935
6.2855744374012215
6.278766086115552
6.262629728240109
6.251204825970971
6.247138904024378
6.237020150485003
6.230725508300571
6.222226903957277
6.211015963574421
6.194699219508555
6.192615842626334
6.176501340202642
6.171197178284775
6.165240732783426
6.15290446131546
6.146202815071781
6.13907613204073
6.1360769355195375
6.119600342721517
6.114577146631517
6.108385727811257
6.0889307928236365
6.0848935546609
6.077620637702002
6.068934101951382
6.0624959754307195
6.053417575505089
6.043527108116205
6.031187354754753
6.018598497022038
6.0081267329555725
5.997531170253893
5.986039109364256
5.972687786186512
5.967716583258858
5.959693938969163
5.953235563637087
5.947396893440143
5.933761295294147
5.928802005610333
5.924322694278307
5.906931607400328
5.90321604008833
5.9013745074426645
5.886173820586476
5.87914774461728
5.870295298546601
5.866037659238834
5.857689570103598
5.843235444354306
5.834411318290669
5.827921715348141
5.821504922187418
5.813064627470193
5.8095645944209835
5.799605659892575
5.790408732821612
5.787183826729838
5.770473579647168
5.763073338655671
5.754351344485989
5.747404542628907
5.7316684477406215
5.721369815561896
5.717235622988454
5.709519136476251
5.704563747414477
5.697264881897442
5.690786183557713
5.690188797209431
5.664660367133672
5.6569751527862815
5.647606146735609
5.640990196608759
5.63857162439394
5.633018307227166
5.627007242084104
5.622467979204548
5.610184435410614
5.608319723296849
5.604189421864985
5.591398893157151
5.576533276044179
5.570508409825231
5.560720193583926
5.552991383292625
5.551695858431017
5.54654144844518
5.537721311634182
5.532136044222023
5.523407330081222
5.51240570548831
5.508019892427695
5.498408722598859
5.488195462665439
5.486772220062425
5.4840908939012865
5.46786505071711
5.461977215592978
5.460326475352435
5.452190301053735
5.446811812698489
5.437498288085579
5.4290159169143575
5.426888684777937
5.421268679927404
5.418931929329876
5.412605886054791
5.407061553751197
5.398185343009614
5.387301225481041
5.386506631026528
5.382087457816167
5.374917636123706
5.373816441331174
5.3618265437715324
5.357442225042077
5.348982911872417
5.3441357421571904
5.3395848766287335
5.3341788679543924
5.330363289109547
5.322570800795919
5.31396220531063
5.310408000223989
5.30016412589569
5.290742559060516
5.287065730687383
5.2828673300609506
5.280087506531339
5.272765770663146
5.266804253545402
5.260443868221398
5.247068315304509
5.245460879040093
5.2422419788746115
5.2306275402534474
5.225387572169115
5.21524563730842
5.210828812824328
5.2044345507192915
5.198758043632498
5.195035536754457
5.1916257239493175
5.185640489890013
5.179628865231919
5.170911530492202
5.166413421016206
5.159990736013242
5.150729060181443
5.149921314526918
5.145280906995102
5.138490117087183
5.134904832921692
5.120257013894436
5.117390785966107
5.112655417106727
5.108998048454144
5.101942024652296
5.0972816672453325
5.08865628880916
5.085632292606397
5.080128939073637
5.075940986385923
5.072804809680313
5.0631863448999015
5.049811328734816
5.047292200741771
5.043186300656863
5.040248030354803
5.032966019269131
5.023516487918406
5.016076561723828
5.01258092380193
5.0075232750835035
5.005307380673466
4.998955645419286
4.9896443450145815
4.985554045622946
4.9738909205766655
4.968801148429817
4.962842943233753
4.961343512946926
4.950720238681456
4.949039021749504
4.943878401809304
4.933759031637523
4.928217820356839
4.9235212198856955
4.919866246430027
4.91321834232386
4.904310794230569
4.902057826336047
4.897554429548948
4.8881825388889375
4.884267926158156
4.881242009592186
4.873892857399601
4.862413881258159
4.85787019688263
4.8495922114154535
4.847648312155572
4.84292076888405
4.841123141118669
4.832160630340575
4.8284603098318986
4.817628888528683
4.812931934561767
4.810363681112401
4.805827620451085
4.803517319001577
4.797409368747183
4.794875177238361
4.788812029993165
4.785089253079536
4.77689434887964
4.769727125749603
4.762408179496867
4.760550891229059
4.7483091917738935
4.7463206673497265
4.742715597005679
4.740965469866351
4.736801579502401
4.729046475186968
4.724449919400463
4.715494590360314
4.7110036146649765
4.7045158657627
4.703010535453126
4.694364520884404
4.692790653140037
4.688090384044248
4.683082772456733
4.672665975726329
4.667882661174121
4.666396285250059
4.6653446517421004
4.6616522360294725
4.647300720701181
4.64276693638533
4.636838209792717
4.631724053531577
4.628470535150971
4.625087645426905
4.620680592428437
4.617475215996734
4.602808955090951
4.6003203147119045
4.5985942794692285
4.591458112301698
4.585867811245224
4.582523036788284
4.576776819349556
4.572891628717384
4.568563293583251
4.564375749857872
4.557497582683561
4.554159651100664
4.545950646315958
4.545116972272347
4.534052916585546
4.5297955468474544
4.522922476076812
4.518161295532826
4.517361914540145
4.510498877075436
4.506588772422118
4.499551068144791
4.493594042180029
4.488239992603743
4.480239607915415
4.477000492077775
4.475890081079079
4.470239229328565
4.467750422956512
4.465776504945385
4.459894651208398
4.456179053159607
4.455139190878476
4.450570057700871
4.439226513761283
4.4343881434070305
4.429170228893324
4.425233590583031
4.422521519102367
4.4160974291161015
4.410743650797113
4.406443279196102
4.403302361821048
4.398945911401973
4.391422675367621
4.386819866307935
4.383123564279415
4.375492095291449
4.373848452775889
4.370368063119352
4.3620089465804455
4.355706652769547
4.351124167921333
4.347164707314935
4.341732827372053
4.340053041910127
4.333032312653639
4.328506825731747
4.325565742413612
4.321333429218854
4.319633464951671
4.312151769371569
4.306556340064484
4.2993471840002115
4.2940621568296224
4.29119750014915
4.285206061195711
4.282481831420144
4.279779019307702
4.276441722739731
4.270729208448815
4.265254780068935
4.259830516506341
4.25698721914414
4.252850865552613
4.243515584319998
4.240990682077699
4.231518592385418
4.22845110594456
4.225934736582209
4.2204529255354295
4.219120253187213
4.210695088820707
4.208809988298177
4.205671826657169
4.196885563533032
4.195060362489139
4.191293133556891
4.186584544156969
4.179193188280445
4.177179958074241
4.170847804448511
4.167177481861935
4.1600075231666995
4.15725267994456
4.146411262607909
4.1438675828757745
4.136631508775952
4.133454696230275
4.125304960044441
4.121617537930261
4.117500802545009
4.110776806633205
4.1089403788580565
4.1042364007357275
4.100531338498308
4.0975161487278235
4.090623485597378
4.084732269856968
4.07980034967823
4.07544133612493
4.067274463202703
4.06400153554089
4.059354359965264
4.056073501921288
4.050574837587166
4.043133702895107
4.040171921346073
4.03832817740337
4.0310926110667085
4.027123913081587
4.024542514489214
4.0211100459294595
4.015162549497038
4.010514998832239
4.006848445528372
4.003455766777023
4.001684996250748
3.9941829560735767
3.991697380976081
3.987851526536901
3.98157439507634
3.977015803457802
3.9703414845106484
3.966249307038303
3.9643897393724816
3.961009969161913
3.956251085712137
3.944863954560937
3.9429491528576612
3.939423470225234
3.9385467857396876
3.9350247207578706
3.9296336489459582
3.925939903899149
3.9191860008882364
3.91756175084933
3.916741585684526
3.9088000541073713
3.903787837915731
3.9018497482608603
3.8958258918094435
3.892761360510609
3.89108863067106
3.8896158461787875
3.8850441969745186
3.8818874547574156
3.87841485179347
3.8751615191117463
3.8718092361198186
3.8699932665990153
3.8653998334821913
3.86429855882402
3.857509405902732
3.8483572738445844
3.846676224328927
3.844278278538679
3.8400767963407523
3.8375778078278344
3.832411111266578
3.827607582539295
3.8257461818014797
3.8183031739006923
3.8151330778068364
3.8117207386215584
3.807561249469124
3.805246529405509
3.802701382207501
3.798549109138248
3.797629149372844
3.7942099439941486
3.790784156611191
3.7870928170899147
3.783699446965943
3.779349274978567
3.7695000491414707
3.7677962891471632
3.7662297712376422
3.7615923962238007
3.7591858917211773
3.7532886986097362
3.7496376886449387
3.746452071360967
3.743149935736368
3.7400216957037133
3.737916791278921
3.7346532520273183
3.7304301525072954
3.7265018730545902
3.7220859385848075
3.7188828642017135
3.713206782166335
3.711794536686654
3.708977102686022
3.7044880730297978
3.6974760945297254
3.6958539650126836
3.691860859411737
3.6876718986119026
3.6858208607542484
3.6820898506769595
3.6804141133053845
3.6755877647788853
3.674090798617101
3.6675248625873427
3.662185202223819
3.6597581224958793
3.652938491189795
3.6507483678638963
3.6480087033520676
3.644262795606741
3.6412497146262486
3.6358199976486145
3.632034274725433
3.631408696310774
3.629942145333664
3.6295098407869046
3.622459927628277
3.6185635824800744
3.6132209237146307
3.6105998860531425
3.607317429563779
3.6037614004004035
3.6012626898923883
3.598869444860569
3.595458818620716
3.5861668189653915
3.5840745866792805
3.5810072723939883
3.575579659536808
3.573900271203208
3.57111864381814
3.5668461384432133
3.5625358374330447
3.5572302592182723
3.5539665051341163
3.553788073616513
3.546733044219161
3.542852290451283
3.5364782866378626
3.5311153743143975
3.5294451983430806
3.5276359873853953
3.5243004617679623
3.5231526424349733
3.517400572617863
3.5159231801800477
3.5129154920978483
3.511346907943041
3.5059334943309333
3.5032990034153433
3.50126724105065
3.4972408217071975
3.4919052366543877
3.4892526814828027
3.486185484444938
3.4850721358223864
3.478971565141847
3.4733936466826907
3.4700433471587684
3.4669792426410333
3.4644611515455885
3.4629246718838695
3.45851431186015
3.454538258135934
3.452268331483963
3.450653475047896
3.446697528073669
3.442783048417827
3.441648471557745
3.436962179136697
3.429561862205419
3.426395125068288
3.4244657891634853
3.4206474276223453
3.4196765726738185
3.415532190239653
3.410421774599356
3.405680810805171
3.4026605845248983
3.4014633417784585
3.3953911734176083
3.3937428628877675
3.3910915965621773
3.3866941518693423
3.38388577721014
3.380048906111794
3.3781301735742955
3.374851495079794
3.3710272262834393
3.369736540057421
3.3685735566644657
3.3651176972091847
3.3626489320282924
3.3599850175831665
3.354080396981146
3.3518763050088176
3.3498513963091745
3.3455791527791705
3.344399644551516
3.3407518233530102
3.3326693277511534
3.3281138567401274
3.3276092791127616
3.321554573370649
3.315342609076113
3.3142017491443827
3.312589733391257
3.307448479368583
3.3046243389956023
3.3008449328094005
3.2985699500537287
3.296751735321184
3.2933303350982337
3.284651421853111
3.2835754797569265
3.281603640111271
3.2790129144989013
3.278005811729549
3.275201489887108
3.271127000277373
3.269859774223923
3.267099444894575
3.2646376301654225
3.263317053857063
3.26144982109401
3.254150037626488
3.2518748373588213
3.2506800076485654
3.24597248045833
3.242623327421031
3.239544636321593
3.2362428765656506
3.2287452245990473
3.227964792390909
3.225306822696425
3.2227134798000203
3.2163653900906217
3.214011033579489
3.2089198257170386
3.2064031554040193
3.201640523274905
3.1994069462888426
3.1985473682298116
3.193502189785844
3.1913572385934983
3.1863108403714
3.1845987371901074
3.1804417030448557
3.1746549756082802
3.170462353738273
3.1661177875504922
3.1621114255812954
3.1603698023425424
3.1595736542620303
3.1514006952830056
3.1489310992552033
3.143975702797641
3.143014412890099
3.136985918473766
3.12923029346993
3.1273787290718538
3.1228289683548613
3.120410986906127
3.119170092798328
3.115254563673843
3.1143059487292857
3.1080395220306456
3.10504564589993
3.104118535563598
3.099644505499013
3.0955331421309347
3.0904537256484157
3.0876996553586586
3.0836017604869186
3.076587487489917
3.075317381808935
3.071196872550656
3.0691123932974365
3.0657265293746323
3.057468503968229
3.0562185910287676
3.049236811387946
3.0461792811817863
3.042104561794771
3.0408803662097297
3.037953423402112
3.035864198251777
3.02611243294423
3.0238513036899186
3.021175947992595
3.016185387954698
3.0112544039727704
3.007304344502287
3.006410956865642
3.002326975262525
2.996183697102059
2.9916281899750463
2.98829954431533
2.9840284145350062
2.9776948937031724
2.9748716696703945
2.969646786598119
2.9649303203517685
2.9630475565989465
2.9574831349915747
2.955816808713871
2.9524513620563213
2.9493685590270053
2.9391800669357337
2.9382770683170474
2.9333539154768635
2.932951186088996
2.9272768050733364
2.925162734996212
2.9152846505534615
2.912801178570231
2.9075896165174044
2.9048360872690986
2.9014688631906056
2.895183681279296
2.8908880719318093
2.885474658868129
2.876203381386258
2.8748419746569773
2.874440109549813
2.8665437965344305
2.8600749942339574
2.854292636020671
2.8499921887666892
2.8447260025205376
2.8373084666747963
2.8291592376783816
2.8268460543510034
2.8236456940919643
2.8143554732317577
2.809182901053798
2.806156438520675
2.8004878566759905
2.7971826227376266
2.788259611460619
2.782901888284347
2.775827161817443
2.7745504437199906
2.7725234056310786
2.7632299127660573
2.7609864177812526
2.7558315737439956
2.7546715464221148
2.7507577741189313
2.7492392287468315
2.742362830512991
2.7335427086047677
2.7314969617737455
2.7235192452064534
2.7174889214050135
2.715116129708134
2.707920438602709
2.7056476715932436
2.70123710553566
2.6937168822000506
2.6889474988271025
2.6843665690561274
2.6783233847197225
2.6724744658065074
2.6492039986220526
2.643196605920085
2.629780752101761
2.619122136499579
2.6154571853804636
2.6033846404628433
2.5990325674171424
2.5908434954678126
2.574944936858003
2.570258127702363
2.5639455336846537
2.554984304662908
2.5492989665789243
2.5424176374800123
2.5327765670071263
2.5286071277729483
2.524804499025709
2.5212082069295496
2.5153109130298485
2.510482278524166
2.493334390496724
2.4848258178047917
2.479782611699453
2.472632276872693
2.469479946087711
2.4573263503860856
2.4501423129652156
2.438859465198994
2.4326596961024705
2.3955575466379964
2.3827527562169633
2.3790038511362837
2.3725388784908312
2.35815503525935
2.3551730595048768
2.342255367198916
2.3299602375517017
2.3041980212829283
2.2957113910700526
2.2885732227934956
2.281738819795898
2.2725492213544305
2.2674700682950233
2.234269409710875
2.2047187769462933
2.1964201929057463
2.1815768565988813
2.1802752926907214
2.1708042179297697
2.15282155682575
2.137310818245933
2.1215583272600615
2.111220607993794
2.1061650008605852
2.082847773333902
2.057062541465802
2.0459844884293203
2.0114182039977617
1.9581998538847596
1.9512549766897112
1.8724507914538517
1.8163596868606753
