138.93486783544842
73.69237946924588
4.7676756903695185
1.0282465845289446
0.8336513072883216
0.8375274701387925
0.9958577588439965
0.8424573681112442
0.6786854676276874
0.8162279829441061
0.60029581476324
0.35183852429497975
0.29352020706553006
0.0862791804128431
0.11533890339361896
0.21347754823367282
0.16449050782052232
0.14588856546733897
0.13127187938403972
0.1976905489582208
0.2785437183188666
0.21019190611908023
0.15690837737022312
0.11585724040261036
0.10764287052103327
0.08491584977187605
0.06380436515358179
0.11407511129856296
0.15183611559439614
0.08199048978053147
0.06485779737470132
0.07397547540244709
0.05661083920492249
0.08270355348430147
0.10075752500178803
0.07977221466196527
0.06651168781222516
0.061667322523213386
0.0541397792463747
0.04371020005763393
0.04205185101536779
0.07105291632865907
0.06107116978716132
0.062189943518391466
0.049837186420966795
0.01783000053837336
0.031048730475129904
0.041423703660769196
0.03360789125473573
0.04114888765509361
0.04307593563834855
0.03621446312328658
0.043458124764018
0.03339129158872023
0.028215030738713676
0.05072745542664503
0.04146707348617529
0.020330431953493378
0.02623053058767999
0.01910935340084885
0.017947816856859866
0.023978428764579895
0.023559778306833312
0.03245601866637893
0.04805121067711404
0.03439094055164782
0.017678503136338897
0.017757820881257214
0.027718435226981253
0.02718835666664665
0.023952814516746024
0.045522038450723556
0.03897184192448355
0.018121097556692778
0.01020448813318442
0.010947443614533814
0.01992696063749433
0.02374415811218311
0.020639621425519117
0.017678926289824037
0.01128829098980555
0.012437741753066778
0.02577990859903423
0.034114493805517565
0.023928451054298527
0.013993345802111978
0.010901844611076683
0.026248170850406982
0.02973671372326958
0.01883221414925318
0.026519039784590248
0.016558886276156315
0.005205324392251853
0.0087493065303903
0.01346480910850989
0.02527139365380826
0.029443187726542863
0.016985566404534413
0.012322586542196312
0.012637296502317596
0.015585015441685446
0.01660803725313209
0.008444088049017973
0.008366384778365488
0.011490737199056245
0.012945580014246838
0.014094948814855623
0.01298694238195175
0.018759519435271876
0.017489844586112913
0.010474216774173595
0.014625620349078217
0.015061243931529633
0.008900920359562026
0.00988186148179615
0.014589528029896881
0.012636542915845705
0.010281206568255374
0.011134637045323137
0.009757874004908684
0.012141626537600647
0.0110974347473487
0.009494462646845392
0.011438910832472615
0.010604095280165815
0.013248706920440778
0.011423734928966311
0.007273027659553177
0.013197544873670086
0.014208782216103222
0.010763639513213574
0.011832903020034369
0.01067089591557946
0.008722209241447176
0.008771521410395167
0.014509001814910993
0.009762401157612288
0.007630795782861632
0.011631779875723058
0.005968832303488769
0.00784229524653135
0.01709475924124959
0.01736927660563059
0.01044205374277829
0.008487967343814962
0.008044779079085629
0.004556643632033008
0.006727692061024637
0.006609389264194077
0.009445290913947746
0.01207468703212311
0.012483308696778828
0.010112869818081682
0.004578935978573284
0.004375032554094771
0.005247539184256356
0.01132592548734146
0.01353359972389745
0.009777852366067874
0.00532260249706229
0.007430122354648461
0.012853762231136878
0.00812652779458678
0.00528143716556384
0.005015591095409722
0.005062802932671584
0.005181307028035986
0.006378718742972689
0.009287570713160553
0.00894811144580876
0.006757745531624559
0.005959764617204044
0.007094322691881372
0.006877902959236293
0.010601567412692248
0.009179117341826304
0.0038778218738175774
0.0033873609051813247
0.006691744212844908
0.009099940037935905
0.006189707896138152
0.007762712417992201
0.00670676983495766
0.0017943022597508573
0.0054490326609439865
0.009610874280664428
0.00992154914974952
0.006001141658971809
0.006238162191819274
0.006092833464684144
0.008055360050266636
0.007390063937435576
0.0055447826144141565
0.0070990477699122145
0.005343113974726421
0.00554412777921387
0.005733668056927099
0.006557081732512682
0.0049427236817771725
0.00484896335833418
0.005606826903510109
0.006921238512269445
0.007818377145429878
0.0036761354376682043
0.003563385459658175
0.007586785490044656
0.005826691268244311
0.004399408255673309
0.0037000806486078286
0.0014169517397868425
0.004982917527438735
0.007746059885136658
0.00496739024259063
0.006645010824106068
0.009120755530119817
0.0072139542450291305
0.006408824427468263
0.007289528808555046
0.005862922234465717
0.0035882610421380523
0.0025475350983981127
0.00472057354482458
0.006288051919167703
0.0048099340857530315
0.0050500600067096
0.005507043819645174
0.0041732527524980245
0.0027777196233187418
0.005587498977876804
0.004956732406614428
0.004362887548527761
0.006971012548676381
0.005154125563273659
0.0024523720026754514
0.005327109903784155
0.005352637506677915
0.00516709372660884
0.005706395643471085
0.0035922156051064746
0.004179840879229513
0.004583867192939017
0.004292147661968615
0.006473122211537952
0.005499020223107776
0.0050684724087532995
0.00704068270307423
0.0036307588727375606
0.004331408859033381
0.00486528448769552
0.0032427586066905434
0.004878815388493107
0.005673650405502384
0.003680175119332052
0.002006748016468052
0.004481313030398448
0.005167891177548567
0.0023230640648153056
0.002604025102477703
0.007096455070134677
0.006660179797664645
0.003008658996058511
0.0052621973175634995
0.004275546907559491
0.003395360814662185
0.005764094799462827
0.0051583151925505
0.004399118392707901
0.003373377680725209
0.003868180946602351
0.006079236609767724
0.004386013990367088
0.0024932221878735117
0.0025722117122120025
0.005694601168053648
0.005908125443032208
0.0018592094589571229
0.0024901353964377204
0.0062516119783653235
0.00565100112435335
0.0028847928430564274
0.00429948537621061
0.0038567707405952056
0.003788335496178963
0.006407764083333767
0.004876154920563591
0.0027257069753650054
0.004383840362560232
0.0037482414935652297
0.0024835071927620245
0.004769475073038709
0.005803557369279844
0.004603544399517601
0.0029593230494164846
0.00248470979253379
0.002949621111832945
0.001479244098814947
0.0015973021979511781
0.006025598527577003
0.0056369045646673666
0.003190390912161778
0.004377182551681624
0.0037752117563263354
0.003360386884158073
0.0044588938160046165
0.003910123800462406
0.0026057303065663007
0.0023994752268361452
0.0031985222185495488
0.00445667287691065
0.004816908890544314
0.0025060665512197655
0.0009666578619300648
0.0034277009758028054
0.0056386427957826335
0.00482939359355683
0.0026715111290844806
0.0024412687071395656
0.003523059340175827
0.003208845659344206
0.0035585705590557293
0.0029252914485768944
0.0020071578364480036
0.004872164979419891
0.005721480757976627
0.0044215059435690485
0.0025978027044286645
0.000839261999393548
0.0009038246063592936
0.0031814629372330927
0.004611205764633031
0.0030883381204107607
0.0018180295381449163
0.0043868029161815425
0.004435691574276923
0.0024274725270025943
0.0022594251589229675
0.002939064764075905
0.0035574224262611143
0.003385432709218872
0.004678123323307304
0.004275582552023094
0.0020306522767310486
0.00268868354189844
0.004608835442484027
0.0025897998138657563
0.0035165187260517428
0.0040275459114533785
0.002534859682836954
0.001815461649121053
0.0016111096850830453
0.0027390594550407155
0.005289900153204741
0.0046783805176775495
0.003624582687496325
0.003951162953204745
0.0030249506182336017
0.003422988230642021
0.0025124255037918264
0.004136850388195112
0.003928498529199853
0.003644646876430624
0.004518796722343454
0.003625864366040066
0.0027288731531700527
0.0024330483130645675
0.0031708409243831337
0.003141325300639597
0.002434405452855559
0.004142005985729114
0.004829248095485683
0.0016792820517932405
0.000646995980868148
0.0037611956768182075
0.005635463416790554
0.0026694051480171677
0.0023927418019171753
0.002899232664198337
0.002022760880094676
0.0020207334460635717
0.002858672978518717
0.0042804267098564
0.0047515632091881255
0.0033320528688123296
0.003081611539993423
0.004246358425049168
0.002327212925377742
0.0018228538155977692
0.0036968179316501093
0.003478902154114838
0.002063249182977289
0.003610448975144953
0.005033620636213598
0.002773099516096833
0.002672736359565109
0.002404473870836421
0.00103533232376396
0.003574272484631935
0.005463315890420706
0.0038214634746014386
0.0025007139520212274
0.0029579030534505613
0.0023377450110710907
0.00194714136782137
0.0035608107143692003
0.005659352104987692
0.0036418602516679055
0.0013024025579584375
0.004103575422504946
0.003774011405754507
0.0036168843087178715
0.003841593277871258
0.0024440949038357918
0.004034789689620011
0.002916602827770731
0.0024020841053928876
0.0026198833378758835
0.0025532846449169977
0.002855688459995287
0.004048534670645587
0.0035525218105878498
0.0014596293391475612
0.002073521625978181
0.0021350331974765435
0.0028778766204862194
0.002893983656174992
0.0033303518519327557
0.004466872617231887
0.003581759847580024
0.002967983397583307
0.0033511205851699533
0.004465491860399684
0.003647842742482199
0.002089128994483991
0.0031305850141869485
0.0036998139996007318
0.002167019243008994
0.0034362813945811865
0.004381861506463025
0.00183037340819725
0.0019536472761649826
0.003475383862662218
0.002429614873908914
0.0021706135812664673
0.0030009493603282422
0.0019540993619893143
0.0038119289946458856
0.0037155327077884603
0.0010792830659427377
0.00206001457901972
0.002609120007873278
0.0018648766618418744
0.0016446539479595401
0.0025655485958011592
0.0031917622837820403
0.00300690291439909
0.0036632599547214983
0.0036466514042172715
0.0034935005056395685
0.0027557357220160394
0.001745944575396452
0.002387393881431832
0.0021485637722582496
0.0015360187620749866
0.0019412102563389766
0.00236595362996872
0.002040023841965999
0.001819386758151964
0.0020031370364070877
0.0026082947087955333
0.003400601172755424
0.003968004501709643
0.004790138585019976
0.004309787967287981
0.002229715032098678
0.0013773085379888972
0.0011648230394019077
0.0020820674528110317
0.0022298886445861754
0.0018848322923117333
0.004696282069200475
0.0037631635626094173
0.0005951502044045931
0.0006706427787919189
0.002228378330619618
0.003558204537394971
0.0031032246769084892
0.002119154181216887
0.0017855370139214788
0.002130073338928451
0.0016202489345107374
0.0010219780382501042
0.0035762245772708035
0.0039968041834903545
0.0017833484502220998
0.0024187913227096125
0.0041991352204024945
0.0037138439192687667
0.001982751276396577
0.0013428343739332327
0.00203191215004761
0.0023705108991620705
0.0018495801592945948
0.0024495313161834176
0.0027500968931661873
0.0022527735555752937
0.00224586142156169
0.001638650458223756
0.0023592850086815442
0.002413774450169992
0.002542985723809288
0.003378700061817508
0.00307982178624
0.002157577222015039
0.0010274627259889701
0.001967441461477537
0.003106479377166016
0.0025736360566143146
0.002030498708683881
0.0023699523966850267
0.00234898478337775
0.0022461574226838588
0.0021339829044455527
0.0020729043773473066
0.002431229015830816
0.0017279241927025124
0.0027598688943286653
0.0032739016657425957
0.0015885134841144843
0.0034781232540198603
0.003230368484007373
0.0025710330045474183
0.0028483295179033696
0.0017701198818997899
0.001750689011658868
0.0013016863863600792
0.00116340724044528
0.002016996986757502
0.0018266045024861732
0.0016841057360492684
0.0024476246675377844
0.0040070982543291
0.0038910379068534118
0.0016423958118083615
0.0014744853118137113
0.0022227829601736415
0.0027045758355143112
0.0028573858567810806
0.0018720225471957619
0.0016197366808801128
0.0015559051884042052
0.0013977698661188365
0.0020027006290709304
0.0013365539068603827
0.001988277507175229
0.0028808506046347215
0.0014962400291167466
0.002255869006784983
0.0021787548925735756
0.0015328434976803473
0.0017465814900639032
0.0012037920461108742
0.0011678986193931484
0.0014106778735513137
0.001956915052339636
0.002097524119265115
0.001961345876436482
0.0020061016467711745
0.002147205496093929
0.0019677666851460884
0.0029861708943146326
0.003677717731524477
0.002333958599669894
0.0017287420340167392
0.0015877483122133107
0.0013204138771306662
0.001298925536980966
0.0021196326739220117
0.002430102209101559
0.00191986114308762
0.0020351947450680807
0.001423139230449899
0.0019178673726663042
0.002290633833270994
0.002166642090651316
0.002377232082663272
0.0017799251480002942
0.0016666549680411924
0.0028707749899421486
0.002325474991197618
0.0007209637826728343
0.002548359294104352
0.0034799651940407017
0.0019419517140556453
0.0022713681434880506
0.0024599115723705767
0.001886401555087458
0.0010843985408492962
0.0019655291788998053
0.0028063932241055856
0.0018992632534553522
0.0018352078749881429
0.0015186158222962876
0.0015651258887829922
0.0032203019629938323
0.005169876300803566
0.00358357081812688
0.0011083621228417107
0.0015550262854796548
0.0019469893020451767
0.0019202370340060115
0.0014423115024184696
0.0021461482681462973
0.002433341516120735
0.001863519198873731
0.0024474491162909118
0.0013746321271627115
0.0016480168485221158
0.0025739745861629304
0.0013074066302950493
0.0013689843586404127
0.0024629709820963575
0.002521195427559353
0.0018334325437771026
0.001874021985114549
0.0024322250936610335
0.0018220934722301685
0.002044354303823437
0.001950280259479631
0.0005660383923797863
0.0029670348938833913
0.0040839447674752005
0.0023944504542890988
0.0025109141431374216
0.0021534714496811436
0.0018987225317647072
0.001998121848596157
0.0017097591841421789
0.0009189604140150687
0.0012694625474330978
0.0016142747755608644
0.001745440144686028
0.003102120932169994
0.002398788450841627
0.001211688837363778
0.0012444387927780243
0.0014994916884050191
0.0019963021997181363
0.0023207673897217562
0.002603014992235697
0.00215872728432398
0.0017481903328280257
0.0015083552554151503
0.0019629452537865966
0.001838761144024481
0.0017711317700727092
0.0021049068440386343
0.0017936226700080438
0.002192396303557387
0.0021465859105161966
0.0020094250782171086
0.001842931794393321
0.0013053584599252988
0.001828062577174272
0.0021651063122729575
0.0033375902638969057
0.0027783541045726112
0.0010584556892121455
0.0031698158616745298
0.002722826363222075
0.0023440474995691796
0.0025082868424369797
0.001066337433072384
0.0024223523856847784
0.0022976644402039614
0.0016526013679561968
0.0023932986112793486
0.001875728742354421
0.0013661669437354806
0.002116129683353396
0.002498371220209239
0.0016194342697946063
0.0011861130776491535
0.0014114099628115273
0.002362237767901898
0.0027552349786511554
0.0015831244468959005
0.000858851933015381
0.0019213132946647171
0.002299103100419142
0.001333407293235056
0.001535561792621598
0.001931021826082735
0.0025259317825634398
0.0028439373487966213
0.0014851506342791199
0.0018317684609679974
0.002529818852519461
0.0025322026519192242
0.0023054304882028642
0.0013392189143276445
0.002248710474581972
0.002675529012131861
0.0016768802201576616
0.0014115298813889288
0.0027762170134496555
0.00262729611347412
0.0018357890504682173
0.0016427499644298127
0.0022967545617457175
0.0027947922003765946
0.0017420453442591466
0.0020922051397797015
0.001814903452085348
0.0013539664156486664
0.001722661109279211
0.0023652797109622314
0.002029934954236645
0.0010939424658843455
0.001327611538680995
0.0018894135562892433
0.002070239980361488
0.0014053651843701775
0.0011460784859737005
0.0032420006007143343
0.0032658323202955364
0.002020439195673629
0.001816140136118527
0.0009102992381471164
0.0010481644166294712
0.002369438477603847
0.0024296380473631807
0.0014289966299901868
0.0019737511820382414
0.001773394315100929
0.0023710508141292497
0.0024382507162800104
0.0014001755316394027
0.001431882096307624
0.0027766928652905865
0.0026947776024458525
0.002122095166375626
0.002014619925403749
0.0009960385799371307
0.0021953652248496436
0.002225886824735346
0.0009715050570807682
0.001973602403800845
0.0021848953490752887
0.0010057144407751295
0.001378979721933904
0.0015848323338494286
0.0036648366473712723
0.0036295930630257933
0.0007475549857821617
0.0015250035206753054
0.0028820929158897
0.0018355618979436494
0.0010906026921405632
0.0014477691849970054
0.001441305964147932
0.00199122207381508
0.0018860095242592134
0.002220469864333552
0.0019836924527943944
0.0018649077800987346
0.0025684494026111393
0.0029823046946104714
0.00229746961970112
0.0008316313089378191
0.0010733632507677893
0.002385064748492538
0.003174910909143791
0.0025002687168754756
0.00240724568122086
0.0017164255478088197
0.0013597018299986718
0.0019730862939451033
0.0022762453247484604
0.0022868007061738194
0.0018577561765110717
0.0018895467276114353
0.0014597525944021195
0.0021500401900024224
0.0025343913657325245
0.002229579233964163
0.002011314146192489
0.0012553664427287226
0.001002529873234903
0.0018110879561358262
0.0025536424040240036
0.002536802922936121
0.0031142598570989
0.0030383252169293717
0.0020281892570791493
0.0007205142839480372
0.0010178491261493283
0.002006800850673507
0.0020740991739940373
0.001237473939463829
0.0016382730719224359
0.001883726864914892
0.0026357420287114186
0.002865210580102917
0.0018939857138065008
0.0018172816901754762
0.0010308772051682569
0.002342177777258092
0.0031816947786029726
0.0026569960105523593
0.0020539132977271946
0.0010420210747066339
0.0013705058029381822
0.0015883867544669306
0.0025755660286189697
0.003356035531190793
0.0022217135672670807
0.0033136029942177903
0.0028852439189340773
0.0007003377318400839
0.0025209089967950238
0.002562103569438978
0.0010880539645176102
0.000940012030766102
0.0014543866172280762
0.0020996984868613122
0.0016235846148463517
0.0025604476454167413
0.0028754459254437537
0.0016065347041687161
0.0018091697834438092
0.0017633244065072828
0.001142731613335446
0.0013886671249495608
0.0032287146904924624
0.003994811036907353
0.00230486566001209
0.0023923716725342548
0.0025534599358788546
0.0013736660336973738
0.0013960925517368938
0.0017728106022927292
0.002094582149656299
0.0021083217240115415
0.002501522630287467
0.0028289593095826016
0.001458082104156766
0.0011745877841069507
0.0017520180604455593
0.003061793827640158
0.0026480916039730573
0.0015975261680661879
0.0018296009049734163
0.0015894983233167848
0.0012051434016201457
0.0021240348064703873
0.003188334040434171
0.0020029919897801562
0.003594099752195712
0.0038054613570929208
0.001575255620294036
0.000952823170947692
0.0003141919552489547
0.0006587986814546865
0.0023685086665847788
0.004167121532174467
0.0037832399787479654
0.0022514891773662837
0.002195721360966685
0.0018807131445210956
0.001456531317040044
0.00151238950612409
0.0014061939338374518
0.0025011966574137734
0.0020688682959655313
0.001320300652833839
0.0012883215960676209
0.0018498854786986874
0.0018902682406480853
0.0018246952587620546
0.0020795723243849373
0.0015043907336496076
0.0021400482282513122
0.0017337409425259853
0.002396777428384289
0.002214883006559143
0.001451371652785416
0.002024023484888615
0.0013345292356374827
0.002701928120517949
0.002531684141506174
0.001628129272262191
0.0026348475519496484
0.0018395294720808808
0.001920676571288249
0.002699721647667852
0.0020925342930534496
0.001907599003526439
0.0017755090506201832
0.0021804138014961394
0.0018187293848032082
0.0013355307392604043
0.0018227156475986162
0.002992718422204055
0.003079383768981203
0.00228893178710754
0.0032429629762624756
0.002733674733406799
0.001519546369607383
0.0029424572881546762
0.00288112968168841
0.002409927761253816
0.0033753708835940754
0.001976542652927682
0.00149671526938433
0.0036005744452858313
0.0031075959573544365
0.0015723481727945021
0.0036330572091956004
0.004094272072754812
0.002650148841718547
0.0026690350205625935
0.0031426906048295233
0.00421677920620378
0.003214904812995578
0.0016881632226513066
0.0025624990662719282
0.0016656300779018807
0.0007976500428075184
0.00281016798621303
0.003529583370945555
0.0029279993939880233
0.0031896952660122047
0.0034655901070639317
0.002007088051617867
0.0021151500925202793
0.0021027964133473187
0.0029247968010964742
0.003615524991862795
0.0026865032164757885
0.0025093763864484364
0.0022557985475673004
0.002352325011963363
0.0026153426486560383
0.003969840578621375
0.003463804184610564
0.002391769194100113
0.0024929868932920263
0.0021369182674974008
0.0028389592716272505
0.003889927522214731
0.003574930499669726
0.001961001375505922
0.0017227842990206188
0.00221275273779864
0.0024860970156016515
0.0029373688523964825
0.0032895238138364036
0.004902980399125956
0.004680280913708756
0.0024065973422913167
0.0019873224933849576
0.0019774468694676584
0.0021065100776737067
0.00400976892323246
0.0039786657724563135
0.0025839799085506376
0.0019403614272103242
0.002964813001174349
0.00283915603805851
0.0024579389693030196
0.0025943205175498196
0.0014014061023192026
0.0013870025808323527
0.001980929420936639
0.0022913633606110873
0.0028341459840476313
0.0030202292546326337
0.003281264635780712
0.004353961736367207
0.002999422675242114
0.002327355068412529
0.0027029547205598137
0.002469813179030611
0.0020389272018698223
0.0009816852674420784
0.00375649142186274
0.0037653511621438818
0.0042648101113920145
0.004123130635598993
0.0023202888757833384
0.003074332538192004
0.004613416361189782
0.004673988854995981
0.003564261237568367
0.004094406995132971
0.002645566279704248
0.0027391327164799084
0.0030748167305428287
0.0024563817059163884
0.0030956497324464705
0.006903888120735002
0.0067020949262329155
0.0052547935185146
0.004685328698120439
0.004721846785987471
0.006376221679494365
0.00649088420985533
0.005768516466733542
0.0038820296352958805
0.005521125724359421
0.007144265726141241
0.0065741909535498855
0.006217398586781275
0.0068213402371331555
0.006521177102010667
0.004339593317375767
0.0030563975474293126
0.0039320109266763326
0.004113130783407137
0.012604977025941266
0.02722300797448096
0.02096886625027733
0.08705536091648991
0.1648742920564813
